# LSST Throughputs files created from syseng_throughputs repo
# Version 1.9
# sha1 fcc05772f99427e4a45cd1b9da1628dded9a06d5
# Aerosols added to atmosphere
# Wavelen_cutoff_BLUE 533.70
# Wavelen_cutoff_RED 705.70
# Wavelength(nm)  Throughput(0-1)
518.4000000000497 8.352605268219336e-05
518.5000000000497 0.00010111243113785489
518.6000000000497 0.00011870102459262907
518.7000000000497 0.0001362918329294125
518.8000000000497 0.00015388485603160285
518.9000000000498 0.0001714800937825946
519.0000000000498 0.00018907754606569557
519.1000000000498 0.00020672371573939675
519.2000000000498 0.00022437964505276655
519.3000000000499 0.00024204533509773803
519.4000000000499 0.00025972078696552347
519.5000000000499 0.0002774060017475913
519.6000000000499 0.0002950340793832647
519.70000000005 0.00031266392672027986
519.80000000005 0.00033029554364595706
519.90000000005 0.0003479289300484976
520.00000000005 0.0003655640858086122
520.10000000005 0.0003695289990434164
520.2000000000501 0.000373494378714524
520.3000000000501 0.00037746022480447786
520.4000000000501 0.0003814265372962874
520.5000000000501 0.00038539331617253064
520.6000000000502 0.00038936056141672463
520.7000000000502 0.00039332827301196647
520.8000000000502 0.00039729645094043376
520.9000000000502 0.0004012650951857318
521.0000000000502 0.00040523420572998684
521.1000000000503 0.00040808812019777786
521.2000000000503 0.0004109421210282709
521.3000000000503 0.0004137962081859632
521.4000000000503 0.00041665038163586014
521.5000000000504 0.00041950464134349433
521.6000000000504 0.0004223589872729265
521.7000000000504 0.00042521341938923034
521.8000000000504 0.00042806793765750656
521.9000000000505 0.0004309225420428805
522.0000000000505 0.00043377723250901187
522.1000000000505 0.0004346989936452108
522.2000000000505 0.0004356208544600445
522.3000000000505 0.0004365428149490923
522.4000000000506 0.00043746487510741783
522.5000000000506 0.00043838703493008784
522.6000000000506 0.0004393092944132188
522.7000000000506 0.0004402316535524137
522.8000000000507 0.0004411541123422299
522.9000000000507 0.00044207667077880486
523.0000000000507 0.00044299932885936164
523.1000000000507 0.00044708364284885897
523.2000000000507 0.00045116828498606583
523.3000000000508 0.00045525325523694554
523.4000000000508 0.00045933855356639785
523.5000000000508 0.0004634241799409768
523.6000000000508 0.0004675101343267295
523.7000000000509 0.0004715964166891748
523.8000000000509 0.000475683026994412
523.9000000000509 0.0004797699652080013
524.0000000000509 0.00048385723129504114
524.100000000051 0.0004858778928138736
524.200000000051 0.0004878987738149583
524.300000000051 0.0004899198742909519
524.400000000051 0.0004919411942333644
524.500000000051 0.0004939627336337106
524.6000000000511 0.0004959844924841032
524.7000000000511 0.0004980064707766699
524.8000000000511 0.0005000286685029578
524.9000000000511 0.0005020510856557179
525.0000000000512 0.000504073722227147
525.1000000000512 0.000507314088479077
525.2000000000512 0.0005105529768228375
525.3000000000512 0.0005137903871918477
525.4000000000513 0.0005170263195165409
525.5000000000513 0.0005202607737299143
525.6000000000513 0.0005236126175550062
525.7000000000513 0.0005269645049883747
525.8000000000513 0.0005303164359928514
525.9000000000514 0.000533668410530041
526.0000000000514 0.000537020428565226
526.1000000000514 0.0005474969337404577
526.2000000000514 0.0005579743250146894
526.3000000000515 0.0005684526023060915
526.4000000000515 0.0005789317655369144
526.5000000000515 0.000589411814625423
526.6000000000515 0.0005998927494919653
526.7000000000515 0.0006103745700584295
526.8000000000516 0.0006208572762431856
526.9000000000516 0.0006313408679667981
527.0000000000516 0.0006418253451506858
527.1000000000516 0.0006523184152069314
527.2000000000517 0.0006628135624595374
527.3000000000517 0.0006733107870266629
527.4000000000517 0.0006838100890240923
527.5000000000517 0.0006943114685725042
527.6000000000518 0.0007048149257877553
527.7000000000518 0.0007153204607890401
527.8000000000518 0.000725828073693945
527.9000000000518 0.0007363377646209579
528.0000000000518 0.0007468495336876979
528.1000000000519 0.0007572618422501366
528.2000000000519 0.0007676747792177239
528.3000000000519 0.0007780883444989334
528.4000000000519 0.0007885025379995561
528.500000000052 0.0007989173596291856
528.600000000052 0.0008093328092927774
528.700000000052 0.00081974888689914
528.800000000052 0.0008301655923562305
528.900000000052 0.0008405829255710933
529.0000000000521 0.0008510008864572496
529.1000000000521 0.0008737808901557153
529.2000000000521 0.0008965642385789409
529.3000000000521 0.0009193509317504501
529.4000000000522 0.0009421409696960708
529.5000000000522 0.0009649343524384522
529.6000000000522 0.0009877310800025484
529.7000000000522 0.0010105311524134795
529.8000000000523 0.0010333345696965312
529.9000000000523 0.0010561413318758938
530.0000000000523 0.001078951438976235
530.1000000000523 0.001100099987976813
530.2000000000523 0.0011212511173067292
530.3000000000524 0.0011424048269153796
530.4000000000524 0.0011635611167509366
530.5000000000524 0.0011847199867616293
530.6000000000524 0.0012058814368986262
530.7000000000525 0.0012270454671104293
530.8000000000525 0.0012482120773456007
530.9000000000525 0.001269381267555792
531.0000000000525 0.0012905530376498165
531.1000000000525 0.0012384627887100188
531.2000000000526 0.0011863703426799198
531.3000000000526 0.0011342757000834109
531.4000000000526 0.0010821788614426245
531.5000000000526 0.0010300798272794688
531.6000000000527 0.0009779785981179653
531.7000000000527 0.0009258751744781022
531.8000000000527 0.0008737695568830217
531.9000000000527 0.0008216617458531861
532.0000000000528 0.0007695517419384161
532.1000000000528 0.0007735147142337267
532.2000000000528 0.0007774778527447005
532.3000000000528 0.0007814411574311372
532.4000000000528 0.000785404628253792
532.5000000000529 0.0007893682651734547
532.6000000000529 0.0007933320681490588
532.7000000000529 0.0007972960371423874
532.8000000000529 0.0008012601721133682
532.900000000053 0.0008052244730229044
533.000000000053 0.0008091889399437402
533.100000000053 0.0010260740374122602
533.200000000053 0.0012430769989224583
533.300000000053 0.0014601978364881278
533.4000000000531 0.0016774365621245943
533.5000000000531 0.001894793187847523
533.6000000000531 0.002111788861986964
533.7000000000531 0.0023288040406593347
533.8000000000532 0.0025458387226164657
533.9000000000532 0.002762892906603115
534.0000000000532 0.0029799665913809135
534.1000000000532 0.003202640121742743
534.2000000000533 0.0034253536571307334
534.3000000000533 0.0036481071995132994
534.4000000000533 0.0038709007508477733
534.5000000000533 0.004093734313106155
534.6000000000533 0.004317586710902442
534.7000000000534 0.004541580218153431
534.8000000000534 0.004765714864046812
534.9000000000534 0.004989990677772589
535.0000000000534 0.005214407688459988
535.1000000000535 0.0052859881858523345
535.2000000000535 0.0053575760214244865
535.3000000000535 0.005429171194757278
535.4000000000535 0.005500773705451067
535.5000000000535 0.005572383553087887
535.6000000000536 0.005645279106621711
535.7000000000536 0.005718214442280189
535.8000000000536 0.005791189564629497
535.9000000000536 0.005864204478256187
536.0000000000537 0.0059372591879585145
536.1000000000537 0.006430303335277458
536.2000000000537 0.0069234247990267155
536.3000000000537 0.007416623581129496
536.4000000000538 0.00790989968351266
536.5000000000538 0.008403253108086796
536.6000000000538 0.008896683856782628
536.7000000000538 0.009390191931545685
536.8000000000538 0.009883777334292325
536.9000000000539 0.01037744006695022
537.0000000000539 0.010871180131455025
537.1000000000539 0.01130544495418425
537.2000000000539 0.01173977932408483
537.300000000054 0.012174183243532392
537.400000000054 0.012608656714961653
537.500000000054 0.013043199740738923
537.600000000054 0.013480861602090692
537.700000000054 0.013918789711379966
537.8000000000541 0.014356984118202527
537.9000000000541 0.014795444872207988
538.0000000000541 0.015234172023241493
538.1000000000541 0.01612104965910515
538.2000000000542 0.017008045698456025
538.3000000000542 0.01789516014025451
538.4000000000542 0.0187823929834452
538.5000000000542 0.019669744227021713
538.6000000000543 0.020557242645712258
538.7000000000543 0.0214448812450975
538.8000000000543 0.022332652026505435
538.9000000000543 0.023220546139546393
539.0000000000543 0.024108554034699872
539.1000000000544 0.02524172699202893
539.2000000000544 0.02637499734396259
539.3000000000544 0.027508353344269796
539.4000000000544 0.028641782904748444
539.5000000000545 0.02977527379040623
539.6000000000545 0.030908812542836117
539.7000000000545 0.032042387550368735
539.8000000000545 0.03317598767341307
539.9000000000545 0.03430960243428288
540.0000000000546 0.035443222206936145
540.1000000000546 0.036747126079343315
540.2000000000546 0.03805109997783539
540.3000000000546 0.03935513676385104
540.4000000000547 0.040659230972300384
540.5000000000547 0.04196337902998902
540.6000000000547 0.043257801489014515
540.7000000000547 0.04455168770638155
540.8000000000548 0.04584504105731977
540.9000000000548 0.04713786767742638
541.0000000000548 0.04843017667817491
541.1000000000548 0.049944573546009105
541.2000000000548 0.05145901903193861
541.3000000000549 0.052973532585080044
541.4000000000549 0.054488137872250375
541.5000000000549 0.05600286303218695
541.6000000000549 0.057517740930792316
541.700000000055 0.059032695209961246
541.800000000055 0.06054772570035705
541.900000000055 0.06206283212991826
542.000000000055 0.06357801411602619
542.100000000055 0.06548868488792078
542.2000000000551 0.06739969221038414
542.3000000000551 0.06931103535061564
542.4000000000551 0.07122271341439597
542.5000000000551 0.0731347253364432
542.6000000000552 0.07506405193553599
542.7000000000552 0.07699458174959242
542.8000000000552 0.07892631408859156
542.9000000000552 0.08085924823851658
543.0000000000553 0.08279338347139302
543.1000000000553 0.08497966057151195
543.2000000000553 0.08716594647235665
543.3000000000553 0.08935224016542984
543.4000000000553 0.0915385406594845
543.5000000000554 0.09372484699170423
543.6000000000554 0.09591102392925334
543.7000000000554 0.09809711047536321
543.8000000000554 0.10028314660977901
543.9000000000555 0.10246917292411618
544.0000000000555 0.10465523025655361
544.1000000000555 0.10702489886209005
544.2000000000555 0.10939472388479991
544.3000000000555 0.11176474542091454
544.4000000000556 0.11413500254154042
544.5000000000556 0.11650553289709653
544.6000000000556 0.11887637232068939
544.7000000000556 0.12124755442687025
544.8000000000557 0.1236191102230812
544.9000000000557 0.12599106770970564
545.0000000000557 0.1283634514832023
545.1000000000557 0.13106636191007554
545.2000000000558 0.13376987316868832
545.3000000000558 0.1364739996613175
545.4000000000558 0.13917875070217928
545.5000000000558 0.1418841300653597
545.6000000000558 0.14459013553051991
545.7000000000559 0.14729675005028264
545.8000000000559 0.15000395508329148
545.9000000000559 0.1527117243967017
546.0000000000559 0.15542002359773768
546.100000000056 0.15862830081990428
546.200000000056 0.16183725520728626
546.300000000056 0.16504682511095015
546.400000000056 0.16825693798423133
546.500000000056 0.17146750982837722
546.6000000000561 0.17467844463524795
546.7000000000561 0.17788997809884868
546.8000000000561 0.18110211025554937
546.9000000000561 0.18431484114237046
547.0000000000562 0.18752817079601994
547.1000000000562 0.19130212930767646
547.2000000000562 0.19507818440299765
547.3000000000562 0.19885633634661476
547.4000000000563 0.20263658540341206
547.5000000000563 0.20641893183754476
547.6000000000563 0.21015593665036938
547.7000000000563 0.21389335204921864
547.8000000000563 0.2176311780205339
547.9000000000564 0.22136941455076792
548.0000000000564 0.2251080616268547
548.1000000000564 0.22873445626261155
548.2000000000564 0.23236132625941014
548.3000000000565 0.2359886716115806
548.4000000000565 0.23961649231456483
548.5000000000565 0.24324478836327199
548.6000000000565 0.2468735597526218
548.7000000000565 0.2505028064778407
548.8000000000566 0.25413252853388096
548.9000000000566 0.25776272591601057
549.0000000000566 0.2613933986184992
549.1000000000566 0.2643066538125173
549.2000000000567 0.26722032917721267
549.3000000000567 0.2701344247176632
549.4000000000567 0.2730489404389553
549.5000000000567 0.27596387634687225
549.6000000000568 0.27894218486845396
549.7000000000568 0.28192222996461336
549.8000000000568 0.2849040119249821
549.9000000000568 0.287887531039541
550.0000000000568 0.2908727875978049
550.1000000000569 0.29420650933729886
550.2000000000569 0.29754083617652705
550.3000000000569 0.30087576814334
550.4000000000569 0.3042113052659569
550.500000000057 0.30754744757189273
550.600000000057 0.31088419508975923
550.700000000057 0.3142215478474638
550.800000000057 0.31755950587292314
550.900000000057 0.32089806919406144
551.0000000000571 0.32423723783869496
551.1000000000571 0.32669946681072104
551.2000000000571 0.32916213133441896
551.3000000000571 0.3316252314336138
551.4000000000572 0.3340887671321506
551.5000000000572 0.33655273845309736
551.6000000000572 0.3390171454203199
551.7000000000572 0.3414819880577038
551.8000000000573 0.343947266388747
551.9000000000573 0.346412980437365
552.0000000000573 0.3488791302266628
552.1000000000573 0.3513366970841407
552.2000000000573 0.3537943777003846
552.3000000000574 0.356252172046712
552.4000000000574 0.35871008009446315
552.5000000000574 0.3611681018141462
552.6000000000574 0.36362623717712667
552.7000000000575 0.36608448615436007
552.8000000000575 0.36854284871724763
552.9000000000575 0.37100132483633436
553.0000000000575 0.3734599144836641
553.1000000000575 0.37545418845482387
553.2000000000576 0.3774489131468448
553.3000000000576 0.3794440885993415
553.4000000000576 0.3814397148523855
553.5000000000576 0.3834357919460637
553.6000000000577 0.3854323199195666
553.7000000000577 0.3874292988129975
553.8000000000577 0.38942672866647515
553.9000000000577 0.3914246095192073
554.0000000000578 0.3934229414108717
554.1000000000578 0.3954342340868404
554.2000000000578 0.3974458799438915
554.3000000000578 0.39945787899634033
554.4000000000578 0.4014702312580422
554.5000000000579 0.40348293674386404
554.6000000000579 0.405587426356358
554.7000000000579 0.4076931771849781
554.8000000000579 0.40980018948340624
554.900000000058 0.41190846350438554
555.000000000058 0.4140179994998926
555.100000000058 0.4156243373913131
555.200000000058 0.417230901262666
555.300000000058 0.4188376911165023
555.4000000000581 0.4204447069548956
555.5000000000581 0.42205194877843655
555.6000000000581 0.4236594165897059
555.7000000000581 0.42526711039080173
555.8000000000582 0.42687503018232215
555.9000000000582 0.4284831759673842
556.0000000000582 0.4300915477462819
556.1000000000582 0.43116629636257686
556.2000000000583 0.4322406745517458
556.3000000000583 0.4333146822081601
556.4000000000583 0.4343883192256888
556.5000000000583 0.4354615854987769
556.6000000000583 0.4366329325395074
556.7000000000584 0.437804436923041
556.8000000000584 0.43897609864955184
556.9000000000584 0.44014791771869805
557.0000000000584 0.4413198941317599
557.1000000000585 0.4425955076739114
557.2000000000585 0.4438713549058567
557.3000000000585 0.4451474358396569
557.4000000000585 0.4464237504879051
557.5000000000585 0.4477002988626741
557.6000000000586 0.4489770809760413
557.7000000000586 0.45025409684008655
557.8000000000586 0.45153134646796156
557.9000000000586 0.452808829870693
558.0000000000587 0.4540865470614301
558.1000000000587 0.45533916036477606
558.2000000000587 0.4565919538003019
558.3000000000587 0.4578449273695491
558.4000000000588 0.45909808107082484
558.5000000000588 0.4603514149056858
558.6000000000588 0.4616049288740722
558.7000000000588 0.462858622975382
558.8000000000588 0.46411249721010606
558.9000000000589 0.46536655157819545
559.0000000000589 0.46662078607969737
559.1000000000589 0.4670975685598286
559.2000000000589 0.46757440641501097
559.300000000059 0.468051299644609
559.400000000059 0.468528248249097
559.500000000059 0.4690052522266755
559.600000000059 0.469376453108469
559.700000000059 0.4697474942045459
559.8000000000591 0.47011837547644514
559.9000000000591 0.4704890968868217
560.0000000000591 0.47085965839738236
560.1000000000591 0.47150292787608
560.2000000000592 0.47214639001920183
560.3000000000592 0.47279004485959353
560.4000000000592 0.47343389242899087
560.5000000000592 0.47407793275857296
560.6000000000593 0.4747221658812061
560.7000000000593 0.47536659182807844
560.8000000000593 0.47601121063150803
560.9000000000593 0.47665602232325444
561.0000000000593 0.4773010269348417
561.1000000000594 0.47753811904883375
561.2000000000594 0.4777752219479073
561.3000000000594 0.4780123356281915
561.4000000000594 0.4782494600880774
561.5000000000595 0.47848659532419713
561.6000000000595 0.47861567728545473
561.7000000000595 0.4787446629489449
561.8000000000595 0.4788735523065288
561.9000000000595 0.479002345346673
562.0000000000596 0.47913104206075446
562.1000000000596 0.4793810017309834
562.2000000000596 0.4796309989529609
562.3000000000596 0.4798810337299457
562.4000000000597 0.4801311060623581
562.5000000000597 0.48038121595289285
562.6000000000597 0.48063136340310825
562.7000000000597 0.48088154841456476
562.8000000000598 0.48113177098882176
562.9000000000598 0.4813820311274407
563.0000000000598 0.48163232883256757
563.1000000000598 0.481906797023241
563.2000000000598 0.48218131441242174
563.3000000000599 0.4824558810031867
563.4000000000599 0.4827304967997557
563.5000000000599 0.4830051618057789
563.6000000000599 0.48327987602490696
563.70000000006 0.48355463946136423
563.80000000006 0.48382945211880407
563.90000000006 0.48410431400088055
564.00000000006 0.48437922511093934
564.10000000006 0.48413791211492624
564.2000000000601 0.4838966381557397
564.3000000000601 0.48365540324807643
564.4000000000601 0.48341420740778046
564.5000000000601 0.4831730506496133
564.6000000000602 0.4830412183319442
564.7000000000602 0.4829093654656173
564.8000000000602 0.4827774920511736
564.9000000000602 0.4826455980897259
565.0000000000603 0.4825136835832177
565.1000000000603 0.482811770900206
565.2000000000603 0.4831099269510092
565.3000000000603 0.48340815174412294
565.4000000000603 0.48370644528861634
565.5000000000604 0.4840048075941334
565.6000000000604 0.48430323867032243
565.7000000000604 0.4846017385256842
565.8000000000604 0.48490030716987026
565.9000000000605 0.48519894461195934
566.0000000000605 0.4854976508607607
566.1000000000605 0.48534690810009756
566.2000000000605 0.48519613570981623
566.3000000000605 0.48504533368933783
566.4000000000606 0.48489450203980994
566.5000000000606 0.4847436407618036
566.6000000000606 0.4845927498570389
566.7000000000606 0.48444182932493646
566.8000000000607 0.48429087916664126
566.9000000000607 0.48413989938329666
567.0000000000607 0.4839888899751332
567.1000000000607 0.48422496426862455
567.2000000000608 0.4844610806201687
567.3000000000608 0.48469723903302375
567.4000000000608 0.4849334395110224
567.5000000000608 0.485169682057425
567.6000000000608 0.48540596667491714
567.7000000000609 0.4856422933679105
567.8000000000609 0.48587866213909187
567.9000000000609 0.4861150729923007
568.0000000000609 0.48635152593086506
568.100000000061 0.4866930145514431
568.200000000061 0.4870343589753855
568.300000000061 0.4873755591616127
568.400000000061 0.48771661506962466
568.500000000061 0.4880575266589224
568.6000000000611 0.48839829388901185
568.7000000000611 0.48873891671881925
568.8000000000611 0.4890793951084327
568.9000000000611 0.48941972901678354
569.0000000000612 0.4897599184030221
569.1000000000612 0.4895073939082045
569.2000000000612 0.48925479428359053
569.3000000000612 0.48900211952136996
569.4000000000613 0.48874936961373205
569.5000000000613 0.48849654455286395
569.6000000000613 0.4882436443321125
569.7000000000613 0.4879906689425021
569.8000000000613 0.4877376183767974
569.9000000000614 0.4874844926277601
570.0000000000614 0.487231291687499
570.1000000000614 0.48780445986696463
570.2000000000614 0.4883778975746581
570.3000000000615 0.4889516048501192
570.4000000000615 0.48952558173462746
570.5000000000615 0.4900998282688168
570.6000000000615 0.4905632316428124
570.7000000000616 0.4910266947975983
570.8000000000616 0.4914902177334964
570.9000000000616 0.49195380045025056
571.0000000000616 0.4924174429473728
571.1000000000616 0.49250537941762945
571.2000000000617 0.492593325924897
571.3000000000617 0.49268128246829307
571.4000000000617 0.4927692490498583
571.5000000000617 0.49285722567104817
571.6000000000618 0.49294521233156563
571.7000000000618 0.4930332090334523
571.8000000000618 0.4931212157769963
571.9000000000618 0.49320923256365495
572.0000000000618 0.4932972593935616
572.1000000000619 0.49313431788239687
572.2000000000619 0.4929713381078903
572.3000000000619 0.4928083200695686
572.4000000000619 0.49264526376579015
572.500000000062 0.4924821691960816
572.600000000062 0.49231903635938395
572.700000000062 0.49215586525463884
572.800000000062 0.49199265588137014
572.900000000062 0.4918294082379349
573.0000000000621 0.49166612232421325
573.1000000000621 0.49207825982506453
573.2000000000621 0.4924905974712214
573.3000000000621 0.492903135314378
573.4000000000622 0.49331587340331623
573.5000000000622 0.49372881178909095
573.6000000000622 0.4940301789888639
573.7000000000622 0.4943316101916572
573.8000000000623 0.494633105404257
573.9000000000623 0.49493466463462177
574.0000000000623 0.4952362878882003
574.1000000000623 0.49526992292780175
574.2000000000623 0.49530355050300534
574.3000000000624 0.49533717061114296
574.4000000000624 0.4953707832507201
574.5000000000624 0.4954043884190681
574.6000000000624 0.495437986115279
574.7000000000625 0.49547157633609695
574.8000000000625 0.4955051590806142
574.9000000000625 0.49553873434674844
575.0000000000625 0.49557230213200754
575.1000000000626 0.49589007952337216
575.2000000000626 0.49620798245104136
575.3000000000626 0.49652601094030985
575.4000000000626 0.49684416501412293
575.5000000000626 0.4971624446959462
575.6000000000627 0.4973684503609119
575.7000000000627 0.497574488557539
575.8000000000627 0.4977805592881649
575.9000000000627 0.49798666255395024
576.0000000000628 0.49819279835717767
576.1000000000628 0.49830877119285455
576.2000000000628 0.4984247363857437
576.3000000000628 0.4985406939299144
576.4000000000628 0.49865664381766656
576.5000000000629 0.49877258604358654
576.6000000000629 0.4987759300963485
576.7000000000629 0.49877926496729486
576.8000000000629 0.4987825906563883
576.900000000063 0.4987859071630019
577.000000000063 0.4987892144859642
577.100000000063 0.4988610785799802
577.200000000063 0.4989329044028451
577.300000000063 0.4990046919392058
577.4000000000631 0.49907644117429567
577.5000000000631 0.49914815209268665
577.6000000000631 0.49910728639660057
577.7000000000631 0.4990664007916529
577.8000000000632 0.49902549527622264
577.9000000000632 0.4989845698492775
578.0000000000632 0.498943624509299
578.1000000000632 0.49906615724248704
578.2000000000633 0.4991886907124944
578.3000000000633 0.4993112249164513
578.4000000000633 0.4994337598526659
578.5000000000633 0.49955629551996283
578.6000000000633 0.4995663169793168
578.7000000000634 0.4995763346534637
578.8000000000634 0.4995863485423696
578.9000000000634 0.49959635864659013
579.0000000000634 0.49960636496775856
579.1000000000635 0.49945778328527446
579.2000000000635 0.4993091185502
579.3000000000635 0.49916037079286135
579.4000000000635 0.4990115400435849
579.5000000000636 0.4988626263308653
579.6000000000636 0.49860145838005404
579.7000000000636 0.4983403250224328
579.8000000000636 0.4980792262646798
579.9000000000636 0.4978181621134677
580.0000000000637 0.4975571325762805
580.1000000000637 0.49765523227862996
580.2000000000637 0.49775334300439505
580.3000000000637 0.49785146475429415
580.4000000000638 0.4979495975290469
580.5000000000638 0.4980477413294441
580.6000000000638 0.49825796497416724
580.7000000000638 0.49846824381567295
580.8000000000638 0.4986785778612517
580.9000000000639 0.4988889671199531
581.0000000000639 0.4990994115997146
581.1000000000639 0.49940384648759717
581.2000000000639 0.4997083544829633
581.300000000064 0.5000129355945736
581.400000000064 0.500317589831777
581.500000000064 0.5006223172051742
581.600000000064 0.5010396856152171
581.700000000064 0.5014572642008865
581.8000000000641 0.5018750530217475
581.9000000000641 0.5022930521361962
582.0000000000641 0.502711261602869
582.1000000000641 0.5025700553863124
582.2000000000642 0.502428813998584
582.3000000000642 0.5022875374381611
582.4000000000642 0.5021462257058826
582.5000000000642 0.5020048788014783
582.6000000000643 0.5019761484631758
582.7000000000643 0.5019473194651071
582.8000000000643 0.5019183917823571
582.9000000000643 0.5018893653923656
583.0000000000643 0.5018602402701263
583.1000000000644 0.5016909844392832
583.2000000000644 0.5015216805008318
583.3000000000644 0.5013523284516458
583.4000000000644 0.501182928288599
583.5000000000645 0.5010134800067993
583.6000000000645 0.5008432821334207
583.7000000000645 0.5006725858172861
583.8000000000645 0.5005016246056369
583.9000000000646 0.5003306144657661
584.0000000000646 0.5001597538188143
584.1000000000646 0.5003555630899298
584.2000000000646 0.5005519302649886
584.3000000000646 0.5007490028137395
584.4000000000647 0.500946911155696
584.5000000000647 0.5011457686316813
584.6000000000647 0.5014581014571243
584.7000000000647 0.5017716621747758
584.8000000000648 0.5020865066319793
584.9000000000648 0.5024026739975441
585.0000000000648 0.502720186704512
585.1000000000648 0.5027114918750588
585.2000000000648 0.5027040118493363
585.3000000000649 0.5026977162034805
585.4000000000649 0.5026925576920404
585.5000000000649 0.5026884722460262
585.6000000000649 0.5026853789888
585.700000000065 0.5026831802063476
585.800000000065 0.5026817613632645
585.900000000065 0.5026809911027801
586.000000000065 0.5026807212502257
586.100000000065 0.5026474768210138
586.2000000000651 0.5026143846204388
586.3000000000651 0.502581246021491
586.4000000000651 0.5025478456349536
586.5000000000651 0.5025139513164377
586.6000000000652 0.5024793141636154
586.7000000000652 0.5024446407359898
586.8000000000652 0.5024099343558777
586.9000000000652 0.5023751988544646
587.0000000000653 0.5023404385692916
587.1000000000653 0.5023629687751606
587.2000000000653 0.5023854553005004
587.3000000000653 0.5024079039938375
587.4000000000653 0.5024303212127069
587.5000000000654 0.5024527138254337
587.6000000000654 0.502362380690065
587.7000000000654 0.5022719357749293
587.8000000000654 0.5021813859363804
587.9000000000655 0.5020907375164853
588.0000000000655 0.5019999963424793
588.1000000000655 0.5021659430563229
588.2000000000655 0.5023313550731494
588.3000000000656 0.5024962364953337
588.4000000000656 0.5026605909227406
588.5000000000656 0.5028244214489829
588.6000000000656 0.5031026293702331
588.7000000000656 0.5033814529005811
588.8000000000657 0.5036604262689645
588.9000000000657 0.5039391169364806
589.0000000000657 0.5042171256874194
589.1000000000657 0.5038697729636031
589.2000000000658 0.5035212302561946
589.3000000000658 0.5031712040589338
589.4000000000658 0.5028194358746536
589.5000000000658 0.5024657020977144
589.6000000000658 0.5019963220971383
589.7000000000659 0.5015247821932993
589.8000000000659 0.5010509713073177
589.9000000000659 0.5005748123314336
590.0000000000659 0.5000962619672342
590.100000000066 0.5002264627449223
590.200000000066 0.500354098655987
590.300000000066 0.5004792180111545
590.400000000066 0.5006019027011258
590.500000000066 0.5007222682434662
590.6000000000661 0.5008404638033653
590.7000000000661 0.5009567007491487
590.8000000000661 0.5010712040960648
590.9000000000661 0.5011842331446132
591.0000000000662 0.5012960815137595
591.1000000000662 0.5012734414999275
591.2000000000662 0.5012504133020731
591.3000000000662 0.5012273937130681
591.4000000000663 0.501204813531651
591.5000000000663 0.5011831375574464
591.6000000000663 0.5010498373441326
591.7000000000663 0.5009164921152616
591.8000000000663 0.500783098531561
591.9000000000664 0.5006496527512844
592.0000000000664 0.5005161504285774
592.1000000000664 0.5004886990178505
592.2000000000664 0.5004612376170442
592.3000000000665 0.5004337603878248
592.4000000000665 0.500406260983762
592.5000000000665 0.5003787325554011
592.6000000000665 0.5006904094838046
592.7000000000666 0.5010020465101004
592.8000000000666 0.5013136367620241
592.9000000000666 0.5016251738579445
593.0000000000666 0.5019366519095887
593.1000000000666 0.502148901532876
593.2000000000667 0.5023611884183549
593.3000000000667 0.5025735082152504
593.4000000000667 0.5027858570768093
593.5000000000667 0.502998231657623
593.6000000000668 0.5028696723915145
593.7000000000668 0.5027400953079734
593.8000000000668 0.5026099673819348
593.9000000000668 0.5024797209799228
594.0000000000668 0.5023497538954913
594.1000000000669 0.502005114840583
594.2000000000669 0.5016613444632178
594.3000000000669 0.5013187353458152
594.4000000000669 0.5009775452278338
594.500000000067 0.5006379971230397
594.600000000067 0.5009808264006099
594.700000000067 0.5013259744692383
594.800000000067 0.501673563506358
594.900000000067 0.5020236824246427
595.0000000000671 0.502376386757531
595.1000000000671 0.5031591681371502
595.2000000000671 0.5039450966118266
595.3000000000671 0.5047341331725846
595.4000000000672 0.5055262046849978
595.5000000000672 0.5063212036243337
595.6000000000672 0.5068907100833304
595.7000000000672 0.5074623837720105
595.8000000000673 0.5080360013682347
595.9000000000673 0.5086113039685481
596.0000000000673 0.5091879968894013
596.1000000000673 0.5093884241937131
596.2000000000673 0.5095892737694125
596.3000000000674 0.5097901423936334
596.4000000000674 0.5099905915648482
596.5000000000674 0.5101901474403053
596.6000000000674 0.5102734777426038
596.7000000000675 0.5103567474839232
596.8000000000675 0.5104399599924341
596.9000000000675 0.510523119116557
597.0000000000675 0.5106062292257978
597.1000000000676 0.5104434895115049
597.2000000000676 0.5102806679703066
597.3000000000676 0.5101177705458922
597.4000000000676 0.5099548036899113
597.5000000000676 0.5097917743617973
597.6000000000677 0.5097434502831867
597.7000000000677 0.5096949632184827
597.8000000000677 0.5096463200842779
597.9000000000677 0.5095975272787483
598.0000000000678 0.5095485906795912
598.1000000000678 0.5096299699668405
598.2000000000678 0.5097113734035662
598.3000000000678 0.5097928053942498
598.4000000000678 0.5098742698290617
598.5000000000679 0.5099557700822769
598.6000000000679 0.5100387371324605
598.7000000000679 0.5101226638317159
598.8000000000679 0.510207077410678
598.900000000068 0.510291539485487
599.000000000068 0.510375646087414
599.100000000068 0.5105274658907106
599.200000000068 0.5106782311011135
599.300000000068 0.5108276406007507
599.4000000000681 0.5109754276574154
599.5000000000681 0.5111213599796436
599.6000000000681 0.5111503534814648
599.7000000000681 0.5111771056510835
599.8000000000682 0.5112014964228992
599.9000000000682 0.5112234399489515
600.0000000000682 0.5112428846059143
600.1000000000682 0.5110847100096383
600.2000000000683 0.5109238769637151
600.3000000000683 0.5107604390601043
600.4000000000683 0.5105944840288782
600.5000000000683 0.5104261336806083
600.6000000000683 0.5101410340658578
600.7000000000684 0.5098540426046297
600.8000000000684 0.5095653926149348
600.9000000000684 0.5092753515202919
601.0000000000684 0.508984220746128
601.1000000000685 0.5090948444488418
601.2000000000685 0.5092051124101287
601.3000000000685 0.5093154275440547
601.4000000000685 0.5094262277522764
601.5000000000686 0.509537985965451
601.6000000000686 0.5096512101982574
601.7000000000686 0.5097644712232551
601.8000000000686 0.5098777656965489
601.9000000000686 0.5099910897528444
602.0000000000687 0.510104439009029
602.1000000000687 0.5102043851093965
602.2000000000687 0.5103043112477009
602.3000000000687 0.5104042114592434
602.4000000000688 0.5105040792562126
602.5000000000688 0.5106039076264828
602.6000000000688 0.5105892281686533
602.7000000000688 0.5105745428564988
602.8000000000688 0.510559844695506
602.9000000000689 0.5105451272093038
603.0000000000689 0.5105303844397217
603.1000000000689 0.5106723819722282
603.2000000000689 0.5108143884471626
603.300000000069 0.5109563994463735
603.400000000069 0.5110984110642193
603.500000000069 0.5112404199083878
603.600000000069 0.5114963665615193
603.700000000069 0.5117519074612668
603.8000000000691 0.512007278469054
603.9000000000691 0.5122626987792182
604.0000000000691 0.5125183708764453
604.1000000000691 0.5128725885077744
604.2000000000692 0.5132273942288352
604.3000000000692 0.5135829405053968
604.4000000000692 0.5139393630257011
604.5000000000692 0.5142967806391374
604.6000000000693 0.5147705596427785
604.7000000000693 0.5152456817886273
604.8000000000693 0.5157222158922136
604.9000000000693 0.5162002137381383
605.0000000000693 0.5166797100020324
605.1000000000694 0.5165660034249351
605.2000000000694 0.516453526509487
605.3000000000694 0.5163422577475334
605.4000000000694 0.5162321583683963
605.5000000000695 0.5161231723591093
605.6000000000695 0.516130666125025
605.7000000000695 0.5161390323316358
605.8000000000695 0.5161481552605468
605.9000000000696 0.516157901384203
606.0000000000696 0.5161681193584083
606.1000000000696 0.5162338929574908
606.2000000000696 0.516299870761995
606.3000000000696 0.5163658479975871
606.4000000000697 0.5164316019712945
606.5000000000697 0.5164968920588265
606.6000000000697 0.516676892423879
606.7000000000697 0.5168569224996098
606.8000000000698 0.5170369822839832
606.9000000000698 0.517217071776771
607.0000000000698 0.5173971909783772
607.1000000000698 0.517619270813467
607.2000000000698 0.5178414011106934
607.3000000000699 0.5180635818767304
607.4000000000699 0.5182858131176482
607.5000000000699 0.518508094841412
607.6000000000699 0.5188462150946456
607.70000000007 0.5191844851211789
607.80000000007 0.5195229049610978
607.90000000007 0.5198614746557062
608.00000000007 0.5202001942440608
608.10000000007 0.5199142639281197
608.2000000000701 0.5196282482012784
608.3000000000701 0.5193421470564501
608.4000000000701 0.5190559604841265
608.5000000000701 0.518769688477297
608.6000000000702 0.5185989348907228
608.7000000000702 0.5184279681182867
608.8000000000702 0.5182567880953152
608.9000000000702 0.5180853947553166
609.0000000000703 0.5179137880333042
609.1000000000703 0.5181791878557093
609.2000000000703 0.5184446479398398
609.3000000000703 0.5187101682907728
609.4000000000703 0.5189757489166007
609.5000000000704 0.519241389823689
609.6000000000704 0.5196227941572602
609.7000000000704 0.5200043771651934
609.8000000000704 0.5203861388942529
609.9000000000705 0.5207680793918129
610.0000000000705 0.5211501987049024
610.1000000000705 0.5210316025764207
610.2000000000705 0.5209128208412567
610.3000000000706 0.5207938534341681
610.4000000000706 0.5206747002911084
610.5000000000706 0.5205553613461272
610.6000000000706 0.5203202098220635
610.7000000000706 0.520084976914814
610.8000000000707 0.5198496626143662
610.9000000000707 0.5196142669088956
611.0000000000707 0.5193787897886895
611.1000000000707 0.5195704262370361
611.2000000000708 0.5197621034206507
611.3000000000708 0.5199538213462104
611.4000000000708 0.5201455800185835
611.5000000000708 0.5203373794425566
611.6000000000708 0.5204137004899476
611.7000000000709 0.5204900284131398
611.8000000000709 0.520566363214053
611.9000000000709 0.5206427048934018
612.0000000000709 0.5207190534511265
612.100000000071 0.5214055060625635
612.200000000071 0.5220922597918698
612.300000000071 0.5227793146614818
612.400000000071 0.52346667069504
612.500000000071 0.5241543279148866
612.6000000000711 0.5247259391290957
612.7000000000711 0.5252975980682967
612.8000000000711 0.525869304722975
612.9000000000711 0.5264410590842251
613.0000000000712 0.527012861143436
613.1000000000712 0.5271395648463019
613.2000000000712 0.5272662631137756
613.3000000000712 0.5273929559384757
613.4000000000713 0.5275196433142411
613.5000000000713 0.5276463252324683
613.6000000000713 0.5277730016876041
613.7000000000713 0.5278996726722647
613.8000000000713 0.5280263381790644
613.9000000000714 0.528152998201228
614.0000000000714 0.5282796527317591
614.1000000000714 0.528100768650821
614.2000000000714 0.5279218301219071
614.3000000000715 0.5277428371393448
614.4000000000715 0.52756378969929
614.5000000000715 0.5273846877973714
614.6000000000715 0.5273221698208835
614.7000000000716 0.5272595180769161
614.8000000000716 0.5271967325238087
614.9000000000716 0.5271338131217226
615.0000000000716 0.5270707598296915
615.1000000000716 0.5271403226886316
615.2000000000717 0.5272098901496619
615.3000000000717 0.527279462212579
615.4000000000717 0.527349038879004
615.5000000000717 0.5274186201488184
615.6000000000718 0.5276047780014246
615.7000000000718 0.5277909712162789
615.8000000000718 0.527977199796398
615.9000000000718 0.5281634637454047
616.0000000000719 0.5283497630674747
616.1000000000719 0.528454127582295
616.2000000000719 0.5285585036431898
616.3000000000719 0.5286628912514291
616.4000000000719 0.5287672904070638
616.500000000072 0.5288717011102286
616.600000000072 0.5290928951339219
616.700000000072 0.5293141468136046
616.800000000072 0.5295354561589687
616.900000000072 0.5297568231778775
617.0000000000721 0.5299782478780012
617.1000000000721 0.5299306248379466
617.2000000000721 0.5298829830959086
617.3000000000721 0.5298353226520026
617.4000000000722 0.5297876435045142
617.5000000000722 0.529739945654253
617.6000000000722 0.529809030031731
617.7000000000722 0.5298780746532694
617.8000000000723 0.5299470795049398
617.9000000000723 0.5300160445740311
618.0000000000723 0.5300849698487382
618.1000000000723 0.5305659399307422
618.2000000000724 0.5310469883440421
618.3000000000724 0.5315281150875654
618.4000000000724 0.5320093201608506
618.5000000000724 0.5324906035628237
618.6000000000724 0.53297196529425
618.7000000000725 0.5334534053534444
618.8000000000725 0.5339349237405631
618.9000000000725 0.5344165204551478
619.0000000000725 0.534898195495576
619.1000000000726 0.5346168695057196
619.2000000000726 0.5343352768027132
619.3000000000726 0.5340534173227306
619.4000000000726 0.5337712910013267
619.5000000000726 0.5334888977745803
619.6000000000727 0.5330889462810517
619.7000000000727 0.5326889037905906
619.8000000000727 0.5322887702986496
619.9000000000727 0.5318885458019028
620.0000000000728 0.5314882302960491
620.1000000000728 0.5314280413734106
620.2000000000728 0.5313677482445327
620.3000000000728 0.531307350894506
620.4000000000729 0.5312468493084233
620.5000000000729 0.5311862434725135
620.6000000000729 0.5310088281352112
620.7000000000729 0.5308313865148143
620.8000000000729 0.5306539186148196
620.900000000073 0.5304764244375065
621.000000000073 0.5302989039862711
621.100000000073 0.5308183301594599
621.200000000073 0.5313378878513696
621.300000000073 0.5318575770773115
621.4000000000731 0.5323773978513795
621.5000000000731 0.5328973501895864
621.6000000000731 0.5335346687057175
621.7000000000731 0.534172347480893
621.8000000000732 0.5348103866161322
621.9000000000732 0.5354487862130805
622.0000000000732 0.5360875463717466
622.1000000000732 0.5361478392007916
622.2000000000733 0.536208134511976
622.3000000000733 0.536268432304959
622.4000000000733 0.5363287325800133
622.5000000000733 0.5363890353387286
622.6000000000734 0.5365671121140833
622.7000000000734 0.536745217852288
622.8000000000734 0.536923352555394
622.9000000000734 0.5371015162248375
623.0000000000734 0.5372797088625565
623.1000000000735 0.5373022138922415
623.2000000000735 0.5373247143596482
623.3000000000735 0.5373472102652215
623.4000000000735 0.5373697016087895
623.5000000000736 0.5373921883907955
623.6000000000736 0.5374139179207246
623.7000000000736 0.53743515893554
623.8000000000736 0.5374561616755621
623.9000000000736 0.5374771578820335
624.0000000000737 0.53749836078895
624.1000000000737 0.537829883954852
624.2000000000737 0.5381621204171424
624.3000000000737 0.5384952291825211
624.4000000000738 0.5388293510641613
624.5000000000738 0.539164608624693
624.6000000000738 0.5393829721504152
624.7000000000738 0.5396025796078969
624.8000000000739 0.5398234902473307
624.9000000000739 0.5400457453361956
625.0000000000739 0.5402693681240984
625.1000000000739 0.5399477509992002
625.2000000000739 0.5396273601468424
625.300000000074 0.5393081606416622
625.400000000074 0.5389900995945756
625.500000000074 0.5386731062069022
625.600000000074 0.5384750232917386
625.700000000074 0.5382776748617338
625.8000000000741 0.5380809371931591
625.9000000000741 0.5378846687404462
626.0000000000741 0.5376887101680466
626.1000000000741 0.5373310285703078
626.2000000000742 0.5369734094932577
626.3000000000742 0.5366156405355943
626.4000000000742 0.5362574919202476
626.5000000000742 0.5358987165561658
626.6000000000743 0.5354218642976792
626.7000000000743 0.5349450323923356
626.8000000000743 0.5344682245061108
626.9000000000743 0.5339914448330189
627.0000000000744 0.533514698094893
627.1000000000744 0.533558260208969
627.2000000000744 0.5335977521509124
627.3000000000744 0.5336331786053893
627.4000000000744 0.533664544800011
627.5000000000745 0.5336918565033046
627.6000000000745 0.5331235273453854
627.7000000000745 0.5325487045963327
627.8000000000745 0.5319673931768256
627.9000000000746 0.5313795974345362
628.0000000000746 0.53078532115218
628.1000000000746 0.5306320732384066
628.2000000000746 0.5304768600947416
628.3000000000746 0.5303196852110506
628.4000000000747 0.5301605515327316
628.5000000000747 0.5299994614628952
628.6000000000747 0.5301927025838975
628.7000000000747 0.5303839343701536
628.8000000000748 0.5305726640435048
628.9000000000748 0.5307584341942423
629.0000000000748 0.5309408228666809
629.1000000000748 0.5314299132959971
629.2000000000749 0.5319179554056426
629.3000000000749 0.5324046332775456
629.4000000000749 0.5328896660780705
629.5000000000749 0.5333728082247615
629.6000000000749 0.5339720676320042
629.700000000075 0.5345692495464064
629.800000000075 0.5351642208229593
629.900000000075 0.535756883633397
630.000000000075 0.5363471756681083
630.100000000075 0.5366991540282506
630.2000000000751 0.5370482728967053
630.3000000000751 0.5373945810433045
630.4000000000751 0.5377381634003292
630.5000000000751 0.5380791411759478
630.6000000000752 0.5382991821519864
630.7000000000752 0.5385170614020615
630.8000000000752 0.5387330198550621
630.9000000000752 0.5389473354785286
631.0000000000753 0.5391603233422463
631.1000000000753 0.5396008563709594
631.2000000000753 0.5400412047954982
631.3000000000753 0.5404817955202951
631.4000000000754 0.5409230936263403
631.5000000000754 0.5413656025218279
631.6000000000754 0.5418098641174232
631.7000000000754 0.5422543609038047
631.8000000000754 0.5426990894051882
631.9000000000755 0.5431440455851323
632.0000000000755 0.5435892248403972
632.1000000000755 0.5438483358153224
632.2000000000755 0.5441074674597051
632.3000000000756 0.544366613426685
632.4000000000756 0.5446257668048501
632.5000000000756 0.5448849201174231
632.6000000000756 0.5450252423090316
632.7000000000756 0.5451655838818406
632.8000000000757 0.5453059373775185
632.9000000000757 0.5454462958827522
633.0000000000757 0.5455866530290719
633.1000000000757 0.545345329576784
633.2000000000758 0.5451037573807133
633.3000000000758 0.5448619317167795
633.4000000000758 0.5446198484200508
633.5000000000758 0.5443775038866526
633.6000000000759 0.544134133088212
633.7000000000759 0.5438900065675919
633.8000000000759 0.5436453761882195
633.9000000000759 0.5434004751799648
634.0000000000759 0.5431555181840915
634.100000000076 0.5434713889596183
634.200000000076 0.5437878352591327
634.300000000076 0.5441050184228122
634.400000000076 0.5444230819452194
634.500000000076 0.5447421514245611
634.6000000000761 0.5451808263210763
634.7000000000761 0.5456208441805058
634.8000000000761 0.5460622774177749
634.9000000000761 0.5465051803844584
635.0000000000762 0.5469495892942541
635.1000000000762 0.5470288219689518
635.2000000000762 0.547109398897637
635.3000000000762 0.5471912987571803
635.4000000000763 0.5472744818943697
635.5000000000763 0.5473588903088547
635.6000000000763 0.5475633280842955
635.7000000000763 0.547768826491767
635.8000000000764 0.5479752638090983
635.9000000000764 0.5481824992229715
636.0000000000764 0.5483903727907908
636.1000000000764 0.5481248267494064
636.2000000000764 0.5478594277395946
636.3000000000765 0.5475939582066588
636.4000000000765 0.5473281821342998
636.5000000000765 0.547061845095583
636.6000000000765 0.5469132848555501
636.7000000000766 0.546764541491858
636.8000000000766 0.5466156149579116
636.9000000000766 0.546466505207731
637.0000000000766 0.546317212194956
637.1000000000766 0.5464824468709798
637.2000000000767 0.5466477035327573
637.3000000000767 0.5468129821812561
637.4000000000767 0.5469782828180625
637.5000000000767 0.5471436054430008
637.6000000000768 0.5474275435456138
637.7000000000768 0.5477115753037627
637.8000000000768 0.5479957007321871
637.9000000000768 0.5482799198462436
638.0000000000769 0.548564232659826
638.1000000000769 0.5485519202338857
638.2000000000769 0.5485395960036158
638.3000000000769 0.5485272599681235
638.400000000077 0.5485149121277519
638.500000000077 0.5485025524810808
638.600000000077 0.5486089018468208
638.700000000077 0.5487152340453997
638.800000000077 0.5488215490689639
638.9000000000771 0.5489278469084221
639.0000000000771 0.5490341275571533
639.1000000000771 0.549136380500715
639.2000000000771 0.5492386462251239
639.3000000000771 0.5493409247304819
639.4000000000772 0.5494432160181284
639.5000000000772 0.5495455200900222
639.6000000000772 0.5496478369468847
639.7000000000772 0.5497501665894371
639.8000000000773 0.5498525090202584
639.9000000000773 0.5499548642388317
640.0000000000773 0.5500572322476852
640.1000000000773 0.5500916040247175
640.2000000000774 0.5501258941064715
640.3000000000774 0.5501601024561079
640.4000000000774 0.550194229036779
640.5000000000774 0.5502282738115369
640.6000000000774 0.5501434152714404
640.7000000000775 0.5500585115266685
640.8000000000775 0.5499735625695555
640.9000000000775 0.5498885683918144
641.0000000000775 0.5498035289868168
641.1000000000776 0.5502610312156921
641.2000000000776 0.55071870546378
641.3000000000776 0.5511765517436197
641.4000000000776 0.5516345700677477
641.5000000000776 0.5520927604479845
641.6000000000777 0.5524319358563143
641.7000000000777 0.5527711369798661
641.8000000000777 0.553110363815685
641.9000000000777 0.5534496163583327
642.0000000000778 0.5537888946033516
642.1000000000778 0.5537917568465259
642.2000000000778 0.5537946126684392
642.3000000000778 0.5537974620699457
642.4000000000779 0.5538003050512779
642.5000000000779 0.5538031416140068
642.6000000000779 0.5539254552476606
642.7000000000779 0.5540477636821437
642.800000000078 0.554170066913611
642.900000000078 0.5542923649394638
643.000000000078 0.554414657755154
643.100000000078 0.554433804346497
643.200000000078 0.5544529475937297
643.3000000000781 0.5544720874974115
643.4000000000781 0.5544912240581024
643.5000000000781 0.554510357275739
643.6000000000781 0.5545294871515044
643.7000000000781 0.5545486136853346
643.8000000000782 0.554567736877168
643.9000000000782 0.5545868567281872
644.0000000000782 0.5546059732391078
644.1000000000782 0.5548243126693446
644.2000000000783 0.5550426899143209
644.3000000000783 0.5552611049692632
644.4000000000783 0.5554795578281494
644.5000000000783 0.555698048486732
644.6000000000784 0.5557969220597306
644.7000000000784 0.5558957908524177
644.8000000000784 0.555994654862408
644.9000000000784 0.5560935140891868
645.0000000000784 0.5561923685292465
645.1000000000785 0.5564495018952363
645.2000000000785 0.556706674174751
645.3000000000785 0.5569638853693015
645.4000000000785 0.5572211354797735
645.5000000000786 0.5574784245082097
645.6000000000786 0.5576156801733239
645.7000000000786 0.5577528639435065
645.8000000000786 0.557889975796317
645.9000000000786 0.5580270157074386
646.0000000000787 0.5581639836533451
646.1000000000787 0.5585113594350937
646.2000000000787 0.5588586693480808
646.3000000000787 0.5592059133271241
646.4000000000788 0.5595530913057715
646.5000000000788 0.5599002032180849
646.6000000000788 0.5601263497217066
646.7000000000788 0.5603522280509527
646.8000000000789 0.5605778380519743
646.9000000000789 0.5608031795702585
647.0000000000789 0.5610282524520424
647.1000000000789 0.5606497421162473
647.200000000079 0.5602712533130918
647.300000000079 0.5598927860889373
647.400000000079 0.5595143404882613
647.500000000079 0.5591359165574451
647.600000000079 0.5587575143422474
647.7000000000791 0.5583791338878071
647.8000000000791 0.558000775240534
647.9000000000791 0.5576224384455863
648.0000000000791 0.5572441235489156
648.1000000000791 0.557057591796894
648.2000000000792 0.5568706180735451
648.3000000000792 0.5566832022912424
648.4000000000792 0.5564953443611065
648.5000000000792 0.5563070441947967
648.6000000000793 0.5559988448025064
648.7000000000793 0.5556908586809042
648.8000000000793 0.5553828415670015
648.9000000000793 0.5550745677622624
649.0000000000794 0.5547658300787128
649.1000000000794 0.5550486237274567
649.2000000000794 0.555330878256422
649.3000000000794 0.5556124394632015
649.4000000000794 0.5558931708851851
649.5000000000795 0.5561729538455347
649.6000000000795 0.5568122852170575
649.7000000000795 0.5574508736865983
649.8000000000795 0.558088636704508
649.9000000000796 0.558725510634301
650.0000000000796 0.559361450864728
650.1000000000796 0.559979093650387
650.2000000000796 0.5605958132262999
650.3000000000796 0.5612116229340338
650.4000000000797 0.5618265555750626
650.5000000000797 0.5624406635165227
650.6000000000797 0.5626912809980824
650.7000000000797 0.5629407450871088
650.8000000000798 0.5631891768567853
650.9000000000798 0.5634367164759158
651.0000000000798 0.5636835232450849
651.1000000000798 0.5634177582906248
651.2000000000799 0.5631516005621136
651.3000000000799 0.5628852671905664
651.4000000000799 0.5626189937516688
651.5000000000799 0.5623530342158707
651.60000000008 0.562330358501294
651.70000000008 0.5623076212519764
651.80000000008 0.5622848318845711
651.90000000008 0.5622620003830837
652.00000000008 0.5622391373038148
652.1000000000801 0.5621817176181573
652.2000000000801 0.5621232880560529
652.3000000000801 0.5620638606173024
652.4000000000801 0.5620034478674041
652.5000000000801 0.5619420629355946
652.6000000000802 0.5616382585448035
652.7000000000802 0.561333915074824
652.8000000000802 0.5610290286444982
652.9000000000802 0.5607235948115458
653.0000000000803 0.5604176085733694
653.1000000000803 0.5607164942303648
653.2000000000803 0.5610154394733192
653.3000000000803 0.5613144377636461
653.4000000000804 0.5616134819775292
653.5000000000804 0.5619125644063471
653.6000000000804 0.5623315582918652
653.7000000000804 0.562750240470018
653.8000000000804 0.5631688645279573
653.9000000000805 0.5635876659425894
654.0000000000805 0.5640068620114295
654.1000000000805 0.5641519524421361
654.2000000000805 0.564297536030626
654.3000000000806 0.5644437739598324
654.4000000000806 0.5645908086743776
654.5000000000806 0.5647387638556406
654.6000000000806 0.565008990960581
654.7000000000806 0.5652804460358634
654.8000000000807 0.5655531971660902
654.9000000000807 0.5658272936177087
655.0000000000807 0.5661027657921094
655.1000000000807 0.5656196133450321
655.2000000000808 0.5651377323119589
655.3000000000808 0.5646570908841708
655.4000000000808 0.5641776384524807
655.5000000000808 0.5636993056887138
655.6000000000809 0.5633428677144943
655.7000000000809 0.562987150430401
655.8000000000809 0.562632029330172
655.9000000000809 0.5622773613808182
656.000000000081 0.5619229850795325
656.100000000081 0.5622712824069153
656.200000000081 0.5626199378934627
656.300000000081 0.5629687350796784
656.400000000081 0.563317438095551
656.5000000000811 0.5636657916032267
656.6000000000811 0.5640135207422862
656.7000000000811 0.5643613917516376
656.8000000000811 0.5647094046643827
656.9000000000811 0.565057559513627
657.0000000000812 0.5654058563342936
657.1000000000812 0.565662762002041
657.2000000000812 0.5659197106774455
657.3000000000812 0.566176702364669
657.4000000000813 0.5664337370653538
657.5000000000813 0.5666908147825023
657.6000000000813 0.5670692078047257
657.7000000000813 0.5674477538660031
657.8000000000814 0.5678264529956167
657.9000000000814 0.5682053052247459
658.0000000000814 0.5685843105829449
658.1000000000814 0.568515984686198
658.2000000000814 0.5684475530253691
658.3000000000815 0.5683790155870214
658.4000000000815 0.5683103723589805
658.5000000000815 0.5682416233271819
658.6000000000815 0.5681727684788228
658.7000000000816 0.5681038078017352
658.8000000000816 0.5680347412818588
658.9000000000816 0.5679655689070271
659.0000000000816 0.5678962906637538
659.1000000000816 0.5677524955066384
659.2000000000817 0.5676086429206444
659.3000000000817 0.5674647328970849
659.4000000000817 0.5673207654279012
659.5000000000817 0.5671767405051342
659.6000000000818 0.5671535606052026
659.7000000000818 0.5671302617681951
659.8000000000818 0.5671068439493083
659.9000000000818 0.5670833071031002
660.0000000000819 0.5670596511840295
660.1000000000819 0.5669226381052713
660.2000000000819 0.5667855933030076
660.3000000000819 0.5666485167776
660.400000000082 0.5665114085287807
660.500000000082 0.5663742685557536
660.600000000082 0.5663577011384271
660.700000000082 0.566341043549208
660.800000000082 0.5663242957675786
660.9000000000821 0.5663074577730194
661.0000000000821 0.5662905295440981
661.1000000000821 0.5666911279819199
661.2000000000821 0.5670917946114835
661.3000000000822 0.5674925294370823
661.4000000000822 0.5678933324630119
661.5000000000822 0.5682942036936675
661.6000000000822 0.5688161420990424
661.7000000000822 0.5693383193586798
661.8000000000823 0.5698607355198096
661.9000000000823 0.5703833906309265
662.0000000000823 0.5709062847388436
662.1000000000823 0.5709133694282974
662.2000000000824 0.5709204414125809
662.3000000000824 0.5709275006894489
662.4000000000824 0.5709345472579196
662.5000000000824 0.570941581115749
662.6000000000824 0.5709486022613228
662.7000000000825 0.5709556106923965
662.8000000000825 0.5709626064073562
662.9000000000825 0.5709695894045879
663.0000000000825 0.5709765596824969
663.1000000000826 0.571005657997705
663.2000000000826 0.571034712936487
663.3000000000826 0.5710637244979876
663.4000000000826 0.571092692681982
663.5000000000827 0.5711216174875169
663.6000000000827 0.5710300614972331
663.7000000000827 0.5709390154311824
663.8000000000827 0.5708482130481555
663.9000000000827 0.5707574079772915
664.0000000000828 0.570666373701367
664.1000000000828 0.5706296168331098
664.2000000000828 0.570592211769931
664.3000000000828 0.5705539912353125
664.4000000000829 0.5705148076914468
664.5000000000829 0.5704745333361998
664.6000000000829 0.5705541005994801
664.7000000000829 0.570632317088412
664.800000000083 0.570709136751341
664.900000000083 0.5707845314796522
665.000000000083 0.5708584911238305
665.100000000083 0.5709549740270305
665.200000000083 0.57105010173143
665.3000000000831 0.5711439178883535
665.4000000000831 0.5712364841651193
665.5000000000831 0.5713278802564286
665.6000000000831 0.5714182745601053
665.7000000000832 0.5715077576692608
665.8000000000832 0.5715964399706945
665.9000000000832 0.5716844516634179
666.0000000000832 0.5717719427715582
666.1000000000832 0.5720428679291178
666.2000000000833 0.5723137160273599
666.3000000000833 0.572584696721411
666.4000000000833 0.5728560398488216
666.5000000000833 0.5731279954801082
666.6000000000834 0.5732793528521143
666.7000000000834 0.5734306933692213
666.8000000000834 0.5735820073899622
666.9000000000834 0.5737332846806878
667.0000000000834 0.57388451441377
667.1000000000835 0.5735882012572769
667.2000000000835 0.5732917688562231
667.3000000000835 0.5729952048343924
667.4000000000835 0.5726984962572461
667.5000000000836 0.5724016296373172
667.6000000000836 0.5722257995148242
667.7000000000836 0.5720497545246692
667.8000000000836 0.5718735080625511
667.9000000000837 0.5716970746674973
668.0000000000837 0.5715204700248199
668.1000000000837 0.5717151518577083
668.2000000000837 0.5719098700433723
668.3000000000837 0.5721046437813861
668.4000000000838 0.5722994934587106
668.5000000000838 0.5724944406542741
668.6000000000838 0.5726887288933262
668.7000000000838 0.5728825618066976
668.8000000000839 0.5730761944092071
668.9000000000839 0.5732698622791433
669.0000000000839 0.5734637815221576
669.1000000000839 0.5736566481871916
669.200000000084 0.5738501529224813
669.300000000084 0.5740444532039474
669.400000000084 0.574239686900856
669.500000000084 0.5744359722367937
669.600000000084 0.5745119464638757
669.7000000000841 0.5745891498100505
669.8000000000841 0.5746676502154714
669.9000000000841 0.5747474963988445
670.0000000000841 0.5748287178462935
670.1000000000842 0.5750458097916972
670.2000000000842 0.5752643190894791
670.3000000000842 0.575484218389353
670.4000000000842 0.5757054610061831
670.5000000000842 0.5759279808814998
670.6000000000843 0.5762735005130121
670.7000000000843 0.5766202020917683
670.8000000000843 0.576967961826199
670.9000000000843 0.5773166362747034
671.0000000000844 0.577666062284442
671.1000000000844 0.5774028909870249
671.2000000000844 0.5771399211032839
671.3000000000844 0.5768769299620752
671.4000000000844 0.576613675973979
671.5000000000845 0.5763498986702029
671.6000000000845 0.576085318753082
671.7000000000845 0.5758207209333692
671.8000000000845 0.5755561052158668
671.9000000000846 0.5752914716047428
672.0000000000846 0.5750268201038536
672.1000000000846 0.5751424120505463
672.2000000000846 0.5752579877990899
672.3000000000847 0.5753735473392738
672.4000000000847 0.5754890906602541
672.5000000000847 0.5756046177517135
672.6000000000847 0.5755986942803611
672.7000000000847 0.5755927570631065
672.8000000000848 0.5755868060997045
672.9000000000848 0.5755808413873846
673.0000000000848 0.5755748629251192
673.1000000000848 0.5753902274426866
673.2000000000849 0.5752055710690134
673.3000000000849 0.5750208938069392
673.4000000000849 0.5748361956580404
673.5000000000849 0.5746514766245245
673.600000000085 0.5744667367079673
673.700000000085 0.5742819759105757
673.800000000085 0.5740971942345554
673.900000000085 0.5739123916821117
674.000000000085 0.5737275682552402
674.1000000000851 0.574037160963851
674.2000000000851 0.5743468523008753
674.3000000000851 0.5746566422785722
674.4000000000851 0.5749665309085707
674.5000000000852 0.5752765182023966
674.6000000000852 0.5754653259172665
674.7000000000852 0.5756541527308214
674.8000000000852 0.5758429986432625
674.9000000000852 0.5760318636541616
675.0000000000853 0.5762207477632404
675.1000000000853 0.5758471201201257
675.2000000000853 0.5754734257922914
675.3000000000853 0.5750996647784211
675.4000000000854 0.5747258370771952
675.5000000000854 0.574351942686665
675.6000000000854 0.5739779816061406
675.7000000000854 0.5736039538336714
675.8000000000854 0.5732298593673076
675.9000000000855 0.572855698206356
676.0000000000855 0.5724814703480908
676.1000000000855 0.5719349909807778
676.2000000000855 0.5713880995109478
676.3000000000856 0.5708407958485836
676.4000000000856 0.5702930799036594
676.5000000000856 0.5697449515860374
676.6000000000856 0.5690766052046705
676.7000000000857 0.5684081277336619
676.8000000000857 0.5677395191663963
676.9000000000857 0.567070779495632
677.0000000000857 0.5664019087126658
677.1000000000857 0.5654765699696989
677.2000000000858 0.5645511641045322
677.3000000000858 0.5636256911279741
677.4000000000858 0.5627001510508299
677.5000000000858 0.5617745438833874
677.6000000000859 0.5609669430817854
677.7000000000859 0.5601588854257269
677.8000000000859 0.5593503708836272
677.9000000000859 0.5585413994220745
678.000000000086 0.5577319710107368
678.100000000086 0.5569384468635724
678.200000000086 0.55614475312361
678.300000000086 0.5553508897790799
678.400000000086 0.5545568568157807
678.5000000000861 0.5537626542225449
678.6000000000861 0.5529682819863821
678.7000000000861 0.5521737400943031
678.8000000000861 0.5513790285345233
678.9000000000862 0.5505841472934474
679.0000000000862 0.5497890963593105
679.1000000000862 0.549021249952672
679.2000000000862 0.5482533347125271
679.3000000000862 0.5474853506457045
679.4000000000863 0.546717297759631
679.5000000000863 0.5459491760623264
679.6000000000863 0.545180985559422
679.7000000000863 0.5444127262595309
679.8000000000864 0.5436443981688797
679.9000000000864 0.54287600129548
680.0000000000864 0.5421075356459011
680.1000000000864 0.5410495007887883
680.2000000000864 0.5399908186305009
680.3000000000865 0.53893148907238
680.4000000000865 0.5378715120151737
680.5000000000865 0.5368108873601194
680.6000000000865 0.5356370862094624
680.7000000000866 0.5344631305227842
680.8000000000866 0.5332890202970825
680.9000000000866 0.5321147555322713
681.0000000000866 0.5309403362263685
681.1000000000867 0.5295999388847576
681.2000000000867 0.5282592582702664
681.3000000000867 0.5269182943626468
681.4000000000867 0.5255770471433743
681.5000000000867 0.524235516591046
681.6000000000868 0.5228937026871264
681.7000000000868 0.5215516054102185
681.8000000000868 0.5202092247417768
681.9000000000868 0.5188665606615414
682.0000000000869 0.5175236131493273
682.1000000000869 0.5156152740201622
682.2000000000869 0.5137066470194164
682.3000000000869 0.5117977321369619
682.400000000087 0.5098885293637851
682.500000000087 0.507979038689287
682.600000000087 0.5061755771755161
682.700000000087 0.504371025191622
682.800000000087 0.5025653825476172
682.9000000000871 0.5007586490512967
683.0000000000871 0.49895082451147876
683.1000000000871 0.49706420655403016
683.2000000000871 0.49517749918844545
683.3000000000872 0.4932907024395074
683.4000000000872 0.4914038163325342
683.5000000000872 0.4895168408928372
683.6000000000872 0.48763043977352305
683.7000000000872 0.48574436920294034
683.8000000000873 0.48385840529764435
683.9000000000873 0.48197234374355247
684.0000000000873 0.4800859994813301
684.1000000000873 0.4780499270462773
684.2000000000874 0.47601306637891
684.3000000000874 0.4739752888592768
684.4000000000874 0.4719364840121603
684.5000000000874 0.4698965591684002
684.6000000000874 0.46785545840532217
684.7000000000875 0.46581311653661317
684.8000000000875 0.4637694857498388
684.9000000000875 0.46172453525818574
685.0000000000875 0.4596782509457753
685.1000000000876 0.45721653158230513
685.2000000000876 0.45475362478337555
685.3000000000876 0.45228956731206377
685.4000000000876 0.44982441106423116
685.5000000000877 0.4473582226409926
685.6000000000877 0.4444242140811432
685.7000000000877 0.44149450546950963
685.8000000000877 0.43856921981745306
685.9000000000877 0.4356484914206301
686.0000000000878 0.4327324653940676
686.1000000000878 0.425871634459936
686.2000000000878 0.41906219140451617
686.3000000000878 0.41230432888782537
686.4000000000879 0.40559824179999976
686.5000000000879 0.39894412637497473
686.6000000000879 0.3863656726792432
686.7000000000879 0.37391606032224145
686.800000000088 0.36159532534735717
686.900000000088 0.34940350492425515
687.000000000088 0.33734063727946006
687.100000000088 0.3305370633185362
687.200000000088 0.32379412971981725
687.3000000000881 0.31711183120360703
687.4000000000881 0.31049016305932886
687.5000000000881 0.30392912112099374
687.6000000000881 0.3069700964755925
687.7000000000882 0.30994152414962883
687.8000000000882 0.31284340299330776
687.9000000000882 0.3156757314828814
688.0000000000882 0.3184385077074416
688.1000000000882 0.3201519301425562
688.2000000000883 0.3218053427802191
688.3000000000883 0.32339873826173754
688.4000000000883 0.32493210885863644
688.5000000000883 0.326405446465835
688.6000000000884 0.3228467169303954
688.7000000000884 0.3193040651791314
688.8000000000884 0.3157776499864745
688.9000000000884 0.3122676132975042
689.0000000000884 0.3087740808738864
689.1000000000885 0.3060720796532915
689.2000000000885 0.3033702071577788
689.3000000000885 0.3006685467649909
689.4000000000885 0.29796716884961044
689.5000000000886 0.295266131222914
689.6000000000886 0.2939001120028201
689.7000000000886 0.2925098434347644
689.8000000000886 0.2910953450474832
689.9000000000887 0.2896566253986101
690.0000000000887 0.288193682299898
690.1000000000887 0.2867757270111897
690.2000000000887 0.28533967099012114
690.3000000000887 0.28388548532837526
690.4000000000888 0.28241313145515495
690.5000000000888 0.2809225614070515
690.6000000000888 0.2795420072325797
690.7000000000888 0.27814079352015414
690.8000000000889 0.2767188506060736
690.9000000000889 0.275276100625944
691.0000000000889 0.27381245780289815
691.1000000000889 0.27180768227209684
691.200000000089 0.26978608114702124
691.300000000089 0.2677475444564325
691.400000000089 0.26569195645037763
691.500000000089 0.2636191960141207
691.600000000089 0.2614711226388175
691.7000000000891 0.25930737405037646
691.8000000000891 0.2571279463257249
691.9000000000891 0.254932835541795
692.0000000000891 0.25272203777540103
692.1000000000892 0.25069644842271266
692.2000000000892 0.24865807648834592
692.3000000000892 0.2466069213993579
692.4000000000892 0.24454298258299828
692.5000000000892 0.24246625946716532
692.6000000000893 0.24027271479861761
692.7000000000893 0.23806869426786667
692.8000000000893 0.23585419741036776
692.9000000000893 0.23362922376252715
693.0000000000894 0.23139377285925736
693.1000000000894 0.22848413062422565
693.2000000000894 0.22557010105260278
693.3000000000894 0.22265168326674922
693.4000000000894 0.21972887638898228
693.5000000000895 0.21680167954145238
693.6000000000895 0.2137327902682737
693.7000000000895 0.21066345274405948
693.8000000000895 0.2075936669549294
693.9000000000896 0.20452343288676472
694.0000000000896 0.2014527505260258
694.1000000000896 0.1985234112718199
694.2000000000896 0.19559227890941883
694.3000000000897 0.19265935307769452
694.4000000000897 0.1897246334152769
694.5000000000897 0.18678811956109267
694.6000000000897 0.18396776441166499
694.7000000000897 0.18114179212686232
694.8000000000898 0.1783102013430153
694.9000000000898 0.1754729906955538
695.0000000000898 0.17263015882047003
695.1000000000898 0.16984945900914108
695.2000000000899 0.16706650811145649
695.3000000000899 0.16428130638299465
695.4000000000899 0.16149385407880354
695.5000000000899 0.15870415145391242
695.60000000009 0.15584595181325328
695.70000000009 0.15298793213484876
695.80000000009 0.15013009244473913
695.90000000009 0.14727243276844743
696.00000000009 0.14441495313259686
696.1000000000901 0.14205841230607646
696.2000000000901 0.1396950696157232
696.3000000000901 0.13732492380015077
696.4000000000901 0.1349479735976428
696.5000000000902 0.13256421774649743
696.6000000000902 0.13020111198864312
696.7000000000902 0.12783011859261562
696.8000000000902 0.1254512360866766
696.9000000000902 0.12306446299920995
697.0000000000903 0.12066979785759696
697.1000000000903 0.1176207058418652
697.2000000000903 0.11457005017165363
697.3000000000903 0.11151783068114177
697.4000000000904 0.10846404720425606
697.5000000000904 0.10540869957489249
697.6000000000904 0.10230892674461943
697.7000000000904 0.09921016837654624
697.8000000000904 0.09611242465030008
697.9000000000905 0.09301569574528754
698.0000000000905 0.08991998184196097
698.1000000000905 0.08775610643938923
698.2000000000905 0.08559449748129921
698.3000000000906 0.08343515566826612
698.4000000000906 0.08127808170130778
698.5000000000906 0.07912327628120396
698.6000000000906 0.07693834501648103
698.7000000000907 0.07475745390374638
698.8000000000907 0.07258060413049652
698.9000000000907 0.07040779688417956
699.0000000000907 0.068239033352737
699.1000000000907 0.06623199680128042
699.2000000000908 0.06422520873469614
699.3000000000908 0.06221866915986818
699.4000000000908 0.06021237808373268
699.5000000000908 0.05820633551309749
699.6000000000909 0.05622430489714791
699.7000000000909 0.05424082677865046
699.8000000000909 0.05225590147972831
699.9000000000909 0.05026952932238513
700.000000000091 0.04828171062891763
700.100000000091 0.046547678845894544
700.200000000091 0.04481334395138475
700.300000000091 0.043078705925262244
700.400000000091 0.041343764747251384
700.5000000000911 0.0396085203972154
700.6000000000911 0.03787297285496214
700.7000000000911 0.03613712210021397
700.8000000000911 0.03440096811277738
700.9000000000912 0.032664510872452514
701.0000000000912 0.030927750359723123
701.1000000000912 0.0299845642656
701.2000000000912 0.029041209151613772
701.3000000000912 0.028097685007461567
701.4000000000913 0.02715399182287127
701.5000000000913 0.026210129587544116
701.6000000000913 0.025271428691684916
701.7000000000913 0.02433216032773004
701.8000000000914 0.023392324378383653
701.9000000000914 0.02245192072631419
702.0000000000914 0.021510949254160708
702.1000000000914 0.020493762497229655
702.2000000000914 0.019476578280111855
702.3000000000915 0.018459396611638357
702.4000000000915 0.01744221750074417
702.5000000000915 0.01642504095630298
702.6000000000915 0.015414361346273686
702.7000000000916 0.014402826852450312
702.8000000000916 0.01339043748700324
702.9000000000916 0.012377193262096207
703.0000000000916 0.011363094190353038
703.1000000000917 0.010851414815118776
703.2000000000917 0.010338836162922633
703.3000000000917 0.009825358178993044
703.4000000000917 0.009310980808591288
703.5000000000917 0.008795703996951327
703.6000000000918 0.008272597764558052
703.7000000000918 0.007749468428559931
703.8000000000918 0.0072263159922972935
703.9000000000918 0.006703140459125218
704.0000000000919 0.006179941832647359
704.1000000000919 0.005961358027511483
704.2000000000919 0.0057427444625007835
704.3000000000919 0.005524101136876118
704.400000000092 0.005305428049898591
704.500000000092 0.00508672520084062
704.600000000092 0.004867992588967674
704.700000000092 0.004649230213529366
704.800000000092 0.004430438073801537
704.9000000000921 0.004211616169039115
705.0000000000921 0.00399276449859014
705.1000000000921 0.0038595749442515135
705.2000000000921 0.003726392100053352
705.3000000000922 0.003593215966789598
705.4000000000922 0.003460046545254065
705.5000000000922 0.0033268838362483515
705.6000000000922 0.0031943966840868795
705.7000000000922 0.0030618604767081504
705.8000000000923 0.0029292752191261142
705.9000000000923 0.0027966409163517414
706.0000000000923 0.0026639575734820767
706.1000000000923 0.0026175106687693433
706.2000000000924 0.002571040874912539
706.3000000000924 0.002524548190092995
706.4000000000924 0.0024780326124947526
706.5000000000924 0.0024314941402937607
706.6000000000925 0.0023849327716741545
706.7000000000925 0.0023383485048148215
706.8000000000925 0.0022917413378998404
706.9000000000925 0.0022451112691033756
707.0000000000925 0.0021984582964882093
707.1000000000926 0.002017863272658068
707.2000000000926 0.0018372457332350477
707.3000000000926 0.001656605677809662
707.4000000000926 0.0014759431059654749
707.5000000000927 0.0012952580172848336
707.6000000000927 0.0011145504113546818
707.7000000000927 0.0009338202877595761
707.8000000000927 0.0007530676460818478
707.9000000000927 0.000572292485906662
708.0000000000928 0.0003914948070153219
708.1000000000928 0.00042451981074726814
708.2000000000928 0.00045755873902920643
708.3000000000928 0.0004906115916961371
708.4000000000929 0.000523678368582536
708.5000000000929 0.0005567590695215736
708.6000000000929 0.0005898536943479512
708.7000000000929 0.0006229622428950643
708.800000000093 0.0006560847149974848
708.900000000093 0.0006892211104875918
709.000000000093 0.000722371429146726
709.100000000093 0.0006993786815666805
709.200000000093 0.0006763827452857148
709.3000000000931 0.000653383620173148
709.4000000000931 0.0006303813060996824
709.5000000000931 0.000607375802933213
709.6000000000931 0.0005843671105450099
709.7000000000932 0.000561355228804243
709.8000000000932 0.0005383401575795175
709.9000000000932 0.0005153218967417866
710.0000000000932 0.0004923004461694778
710.1000000000932 0.0004804525979561084
710.2000000000933 0.0004686051288490118
710.3000000000933 0.00045675803891935784
710.4000000000933 0.00044491132823975367
710.5000000000933 0.00043306499688030415
710.6000000000934 0.00042121904491303165
710.7000000000934 0.00040937347240896447
710.8000000000934 0.00039752827943955393
710.9000000000934 0.0003856834660757758
711.0000000000935 0.00037383903238426774
711.1000000000935 0.00035648885806077664
711.2000000000935 0.0003391293284943646
711.3000000000935 0.00032176044232393484
711.4000000000935 0.00030438219818796914
711.5000000000936 0.00028699459472524144
711.6000000000936 0.0002695976305744326
711.7000000000936 0.0002521913043738587
711.8000000000936 0.0002347756147623245
711.9000000000937 0.00021735056037799747
712.0000000000937 0.00019991613988916036
712.1000000000937 0.00021487107232692786
712.2000000000937 0.00022982059095178153
712.3000000000937 0.00024476469519201356
712.4000000000938 0.00025970338447646473
712.5000000000938 0.00027463665823414734
712.6000000000938 0.0002896247916043096
712.7000000000938 0.0003046137472049374
712.8000000000939 0.0003196035249778842
712.9000000000939 0.00033459412486529347
713.0000000000939 0.0003495855467930755
713.1000000000939 0.0003464935240315832
713.200000000094 0.000343400974773445
713.300000000094 0.0003403078989920417
713.400000000094 0.0003372142966592611
713.500000000094 0.0003341201677480907
713.600000000094 0.00033102596297225834
713.7000000000941 0.0003279315101878961
713.8000000000941 0.0003248366541617713
713.9000000000941 0.00032174125605621205
714.0000000000941 0.00031864519288286766
714.1000000000942 0.00028672522072020827
714.2000000000942 0.0002548173010539013
714.3000000000942 0.00022292147185852085
714.4000000000942 0.00019103781379490976
714.5000000000942 0.0001591664448287402
714.6000000000943 0.0001273075148619376
714.7000000000943 9.546120034902012e-05
714.8000000000943 6.362769894609845e-05
714.9000000000943 3.180722415448489e-05
715.0000000000944 1.0002332377227408e-14
715.1000000000944 1.0597532744621738e-05
715.2000000000944 2.1189732116265608e-05
715.3000000000944 3.1776524192030814e-05
715.4000000000945 4.235783866384601e-05
715.5000000000945 5.293361062015836e-05
715.6000000000945 6.349052197169203e-05
715.7000000000945 7.403736579063355e-05
715.8000000000945 8.457410475155401e-05
715.9000000000946 9.510071400600176e-05
716.0000000000946 0.00010561718294079352
716.1000000000946 0.00013269985620878224
716.2000000000946 0.00015967822375114233
716.3000000000947 0.0001865523340017441
716.4000000000947 0.00021332228409884802
716.5000000000947 0.00023998822395735793
716.6000000000947 0.00026592995106560586
716.7000000000947 0.00029164182340985417
716.8000000000948 0.0003171238558709234
716.9000000000948 0.0003423760633336782
717.0000000000948 0.00036739846065392517
717.1000000000948 0.00035532718373430095
717.2000000000949 0.00034334252164654606
717.3000000000949 0.00033144447894465517
717.4000000000949 0.0003196330601781057
717.5000000000949 0.0003079082698971298
717.600000000095 0.00029699096451384343
717.700000000095 0.0002861099321760813
717.800000000095 0.0002752651748332665
717.900000000095 0.0002644566944343454
718.000000000095 0.0002536844929339289
718.1000000000951 0.00024933420330263887
718.2000000000951 0.0002450064188301092
718.3000000000951 0.00024070113690861
718.4000000000951 0.00023641835493102797
718.5000000000952 0.00023215807029106862
718.6000000000952 0.00022817834228052247
718.7000000000952 0.0002242131719821329
718.8000000000952 0.00022026255772730148
718.9000000000952 0.00021632649784568173
719.0000000000953 0.00021240499065129355
719.1000000000953 0.00019115404019678803
719.2000000000953 0.00016990539997895093
719.3000000000953 0.00014865907461283895
719.4000000000954 0.0001274150687107185
719.5000000000954 0.00010617338688174274
719.6000000000954 8.49727157361916e-05